-99.1112411425 19.5614977736
-99.1148529602 19.5575955584
-99.115718624 19.5566602539
-99.1156850861 19.555755703
-99.11562146 19.5540396193
-99.1184801272 19.5521852226
-99.120373485 19.5499231881
-99.1204363196 19.5498481174
-99.121035741 19.5491319552
-99.1212176074 19.5486963278
-99.1213097225 19.5484756827
-99.1214629673 19.5481086112
-99.1216337348 19.5476995641
-99.1217468746 19.5474285531
-99.1218825737 19.5471035032
-99.1219787593 19.546873103
-99.1221534883 19.5465419567
-99.1222365609 19.5463845166
-99.122565708 19.5457607088
-99.1226374486 19.5456247437
-99.1227329704 19.5454437081
-99.1232271839 19.5449710235
-99.1235072265 19.5447031772
-99.1241908998 19.5440492755
-99.1242139076 19.5440272701
-99.124642838 19.5434220019
-99.124692909 19.5433513449
-99.1252881535 19.5425113758
-99.1253747066 19.5423892371
-99.1256525618 19.5420465618
-99.1256925942 19.5419971904
-99.1259818076 19.5416405043
-99.1262755051 19.54133536
-99.1274345691 19.540131104
-99.1281464183 19.5393914847
-99.1299105102 19.536993881
-99.1302773087 19.5364953477
-99.13057459 19.536091295
-99.1273676662 19.5350839066
-99.127377915 19.5317106596
-99.1280829966 19.5266093692
-99.1281836243 19.5258812921
-99.1281056337 19.5252931321
-99.1280045913 19.5245311181
-99.1277964201 19.524363094
-99.1277330711 19.524311962
-99.1274975594 19.524170769
-99.1273843496 19.5240676044
-99.1273504071 19.5240121966
-99.1272982534 19.5239114759
-99.1272439369 19.5238065796
-99.1270903335 19.5235099373
-99.1270634766 19.5234580708
-99.1267275218 19.522809262
-99.1267214073 19.5227974539
-99.1264406295 19.5222551988
-99.1264147292 19.5222051775
-99.126166591 19.5217259544
-99.1261641564 19.5217212534
-99.1258984916 19.5212081782
-99.1257375631 19.5210249685
-99.1252763874 19.5204999396
-99.1250628178 19.5202890541
-99.1247710514 19.5200009503
-99.1243645232 19.5195995251
-99.1243418459 19.519577132
-99.1240060783 19.5192455743
-99.1238884333 19.5191294051
-99.1210147186 19.5162916466
-99.1209818263 19.516267334
-99.1208731885 19.5161870378
-99.1168819254 19.5132368909
-99.1159287666 19.5130517665
-99.1144071116 19.511060815
-99.110589309 19.5111731381
-99.1105598108 19.5111622792
-99.1102318729 19.5110415546
-99.1099897719 19.5106188519
-99.1098978989 19.5104584432
-99.1094330805 19.5103119683
-99.1092274187 19.5105813636
-99.1091447483 19.5107424457
-99.1089740988 19.5111103649
-99.1088686879 19.5109309613
-99.1087632773 19.5107515567
-99.1087411622 19.5107088898
-99.1086679663 19.510567667
-99.1086456296 19.5104912825
-99.1078385789 19.510462492
-99.1076999135 19.5108551318
-99.1076807349 19.510906187
-99.107635516 19.5110265607
-99.1075118836 19.5106897559
-99.1074631158 19.5104066198
-99.107442649 19.510287793
-99.1073886335 19.5100236626
-99.1073664166 19.5099344519
-99.1073042931 19.509684994
-99.1070938838 19.5100639009
-99.1070423658 19.5101784045
-99.1069329821 19.5102702399
-99.1067395268 19.5104450492
-99.1065819347 19.5104261889
-99.1064298955 19.5103211439
-99.1062242545 19.5102431086
-99.106122784 19.5101549387
-99.1060266237 19.5099931343
-99.1059315783 19.5098863663
-99.1055157144 19.5103281325
-99.104809258 19.5106527664
-99.1042029239 19.5109313869
-99.1038600926 19.5110889227
-99.1034307255 19.5112862207
-99.1028283106 19.5114052591
-99.1027240929 19.5114258523
-99.1024148145 19.5114869649
-99.1023246982 19.511504772
-99.1021653826 19.5115362521
-99.1013951562 19.5116884425
-99.1010838542 19.5117499522
-99.1009715036 19.5117721511
-99.1005884763 19.5118478329
-99.1005205486 19.511864521
-99.0997693418 19.5120490722
-99.0994906508 19.512117538
-99.0994326393 19.5121317895
-99.0992002539 19.5121888792
-99.098888794 19.512265394
-99.0986224637 19.5123308219
-99.0983545614 19.5123966352
-99.0982718703 19.5124169488
-99.0978569607 19.512518875
-99.0973995307 19.5126312445
-99.0971615994 19.5125242386
-99.0958106738 19.5119166713
-99.0956128935 19.5118277194
-99.0950217343 19.5115618439
-99.0948955573 19.5115050953
-99.0945096412 19.5113315277
-99.0931790233 19.510733063
-99.0928973053 19.5106063538
-99.0918938375 19.5101550151
-99.0908880437 19.5097026228
-99.0905579565 19.5095541527
-99.090512423 19.5095336722
-99.0903857273 19.5094766851
-99.0902563469 19.5094184916
-99.0899607362 19.5093164558
-99.0894926713 19.5091548925
-99.089343367 19.5091033566
-99.0889434211 19.5089382477
-99.0882974197 19.508671557
-99.087823968 19.508476099
-99.0875579998 19.5083662971
-99.087371499 19.5082893025
-99.0872696646 19.5082472612
-99.0869213551 19.508103463
-99.0864801509 19.5079213134
-99.0857221349 19.5076083654
-99.0854038949 19.5074769782
-99.0850705997 19.5073305668
-99.0848995204 19.5072554144
-99.0846232599 19.507134057
-99.0841473804 19.5069250074
-99.0837150805 19.5067351007
-99.0832504236 19.5065309774
-99.0827993169 19.5063328054
-99.0827954359 19.5063311002
-99.082335956 19.506129249
-99.0818879414 19.5059324318
-99.081773757 19.5058822694
-99.0814492805 19.5057397224
-99.0810097404 19.505546626
-99.0805647233 19.5053511216
-99.0800865253 19.5051410377
-99.0800418708 19.5051214202
-99.0796297963 19.5049403843
-99.0792151727 19.5047635466
-99.0788523656 19.5046088086
-99.0778986192 19.5042020264
-99.077652959 19.5040878979
-99.0774748751 19.5040051632
-99.0772153717 19.503884602
-99.0764391369 19.5035880953
-99.0760482457 19.5034387809
-99.0759976429 19.5034193046
-99.0756881625 19.5033001897
-99.0752274661 19.5031228726
-99.0749019596 19.502997588
-99.0747712552 19.5029472803
-99.0742783491 19.502757563
-99.0741385827 19.502703767
-99.0740221052 19.5026589359
-99.073505031 19.5024599133
-99.0733291567 19.5023922189
-99.0732226502 19.5023512233
-99.0729824048 19.5022587514
-99.0728228265 19.5021973287
-99.0723408668 19.5020118173
-99.0714332212 19.5016624512
-99.0706830276 19.501373685
-99.0701255605 19.5011591017
-99.0691928456 19.5008000696
-99.0688125067 19.500655845
-99.0684250012 19.5005089012
-99.0680919492 19.5003826057
-99.0673436332 19.5000988377
-99.0669470165 19.4999484346
-99.0659788752 19.4995812969
-99.0653048097 19.4993256735
-99.0652120304 19.4992904887
-99.0646299987 19.4990697644
-99.063862534 19.4987787144
-99.0642052788 19.4980036807
-99.0643096616 19.4977676421
-99.0643218117 19.4977401671
-99.0646533257 19.4969905173
-99.0647072936 19.4968684805
-99.0648445496 19.4965581001
-99.0649612386 19.4962942306
-99.0651187088 19.4959381391
-99.0652265154 19.495694353
-99.065252771 19.4956349794
-99.0652714783 19.4955926747
-99.065448498 19.4951923726
-99.0655239969 19.4950216415
-99.0659349417 19.494092342
-99.0661052217 19.4936775739
-99.0661069657 19.4936733247
-99.0661087106 19.4936690756
-99.0663010173 19.4932006519
-99.0666337972 19.492390056
-99.0666669015 19.4923094185
-99.066702024 19.4922238656
-99.0667925676 19.4920033137
-99.0669465057 19.4916283424
-99.0671051481 19.4912419085
-99.0672497196 19.4908897473
-99.0674412105 19.4904232954
-99.0679525804 19.4891776342
-99.0679913423 19.4890832107
-99.0679225599 19.4890115524
-99.0678506849 19.4889366721
-99.0676224085 19.4883959891
-99.0675845341 19.4883062821
-99.0675133377 19.4881376509
-99.0674867627 19.4880747063
-99.0673100932 19.487656253
-99.0672780771 19.4875804192
-99.0671181538 19.4872016275
-99.0670363851 19.4870079499
-99.0669880945 19.4868935674
-99.0667257973 19.4862722872
-99.0667143339 19.4862451345
-99.0665837409 19.4859358061
-99.0664606097 19.4856441539
-99.0663195691 19.4853100787
-99.0662928725 19.4852468426
-99.0661867714 19.4849955282
-99.0660728941 19.4847257901
-99.0660614119 19.4846985918
-99.0659296227 19.4843864252
-99.0657846518 19.4840430353
-99.0656628159 19.4837544423
-99.0654641364 19.4832838299
-99.0654083982 19.4831518012
-99.0653855352 19.4830976449
-99.0653769514 19.4830773115
-99.0651528737 19.4825465322
-99.0651449991 19.4825278801
-99.0648528989 19.4818359649
-99.0646997443 19.4816563864
-99.0645588737 19.4815502622
-99.064507693 19.4815389717
-99.0641765297 19.4814659137
-99.0639961525 19.4814261205
-99.0637470312 19.4813711619
-99.0637452557 19.4813707703
-99.0632778175 19.4812676471
-99.0636103734 19.4799695645
-99.0629970403 19.4798193187
-99.0633610102 19.4786092782
-99.0629962787 19.4777899017
-99.0626316939 19.4769708433
-99.0624833109 19.476637491
-99.0624771186 19.4766235804
-99.0618309072 19.4751718052
-99.0614420238 19.4742665821
-99.0614121002 19.4741969258
-99.0608592874 19.4729100958
-99.0608003429 19.4727728833
-99.0603970267 19.471834034
-99.0594544544 19.4696398407
-99.0592039832 19.4690828064
-99.0591193916 19.4688946782
-99.0591183323 19.4688923231
-99.059117273 19.4688899671
-99.0579117839 19.4662089622
-99.0577361145 19.4658363943
-99.0575500373 19.4654417491
-99.0571824245 19.4646620859
-99.0565452066 19.4632555879
-99.0562931221 19.4626524281
-99.056064072 19.4621043761
-99.0559531461 19.4618389605
-99.0559395023 19.4618063134
-99.05528858 19.4602488158
-99.0550365774 19.4596736797
-99.0548561198 19.4592618259
-99.0547867773 19.4591035661
-99.0546752619 19.4588490562
-99.054669499 19.4588359033
-99.0544868278 19.4584189931
-99.0544390881 19.4583100361
-99.0543075762 19.458009884
-99.0542906465 19.4579712443
-99.0541280763 19.4576002073
-99.0541163123 19.457573355
-99.0539479056 19.4571889951
-99.05393822 19.4571668883
-99.0537674027 19.4567770241
-99.0537487044 19.456734348
-99.0535862774 19.4563636282
-99.0535776552 19.45634395
-99.0534981731 19.4561625432
-99.0534007797 19.4559402546
-99.0533873281 19.4559095505
-99.0532160279 19.4555185766
-99.0532137046 19.4555132752
-99.0532113823 19.4555079738
-99.0530286944 19.4550910066
-99.0530272615 19.4550877371
-99.0530258286 19.4550844658
-99.052856505 19.454697998
-99.0528426222 19.4546663113
-99.0526693742 19.4542708851
-99.0526681042 19.4542679867
-99.0525359565 19.4539663674
-99.0524922993 19.4538638062
-99.0524900557 19.4538585354
-99.0523165046 19.4534508274
-99.0523136219 19.4534440552
-99.0521542162 19.453069576
-99.0521201776 19.4529896115
-99.0519801962 19.4526607605
-99.0519626457 19.4526195304
-99.0518384993 19.4523278787
-99.0518109663 19.4522631976
-99.0517332874 19.4520807102
-99.0511470884 19.4507035602
-99.051119657 19.4506391149
-99.0509035865 19.4502451347
-99.0508684206 19.4501810124
-99.0508329072 19.450116258
-99.0498062711 19.4482442656
-99.0497507792 19.4481430791
-99.0488963318 19.4465850157
-99.0488157958 19.4464381589
-99.0479284811 19.4448201192
-99.0478949958 19.4447590579
-99.0473859665 19.4438308123
-99.0471407907 19.4431309304
-99.0464588239 19.442364637
-99.0466520679 19.4420634993
-99.0468706078 19.4417229399
-99.0477786149 19.4403079384
-99.0482090788 19.4396371097
-99.0484513564 19.4391311609
-99.0505620421 19.4347232608
-99.052332177 19.4305586628
-99.0524341012 19.4303328445
-99.0526020173 19.4299608155
-99.0539981402 19.4268281944
-99.0543938231 19.42598458
-99.0543995381 19.4259723952
-99.0547306276 19.4252664886
-99.0549343893 19.4248320515
-99.0551964246 19.4242733643
-99.0552954528 19.4239155161
-99.0556218851 19.4227359085
-99.0557864887 19.4221410815
-99.0558362562 19.421961236
-99.0558883497 19.421550486
-99.0560167606 19.4205379634
-99.0560185964 19.4205234857
-99.0561155167 19.4197592617
-99.0561676316 19.4193483327
-99.0561788066 19.4192602188
-99.0563114695 19.4182141348
-99.056311481 19.4182140453
-99.0563114925 19.4182139549
-99.0564010935 19.4175074275
-99.0564440221 19.4170519221
-99.0564747158 19.4167262361
-99.0565523749 19.4159022007
-99.0565757119 19.4156545728
-99.0566386659 19.4149865714
-99.0566562865 19.4147995974
-99.0566765912 19.4146094733
-99.0567274051 19.4141336585
-99.0567648737 19.4137828131
-99.0567909569 19.4135385776
-99.0568228752 19.4132397007
-99.0568465724 19.4130178061
-99.0569094935 19.4124286092
-99.0569223013 19.4123086773
-99.0570749974 19.4108788164
-99.0570910612 19.4107283963
-99.0571561703 19.410118704
-99.0571915411 19.4097874797
-99.0572051624 19.409656273
-99.0572370026 19.4093495737
-99.0573176814 19.4085724404
-99.0573561501 19.4082018863
-99.0573864491 19.4079100269
-99.0574762403 19.4070450953
-99.057508954 19.4067299666
-99.0575250128 19.4065752753
-99.0575501022 19.4063335887
-99.0576048502 19.4058062056
-99.0576516601 19.4053552916
-99.0577030464 19.4048602882
-99.0577161192 19.4047343554
-99.0577576291 19.4043344904
-99.057807847 19.4038507367
-99.0578581816 19.4033658519
-99.0579245651 19.4027263654
-99.0581066654 19.4009721269
-99.0581193453 19.4008499748
-99.0581328805 19.4007195805
-99.0581357272 19.4006921537
-99.0579323568 19.4006087137
-99.0576112511 19.4004769688
-99.0563007268 19.3999392684
-99.0561130652 19.3998622713
-99.0555705564 19.39963968
-99.0549607798 19.3993894843
-99.0549092215 19.3993659504
-99.0549086608 19.3993656939
-99.0539285421 19.3989183029
-99.0537919732 19.3988556233
-99.0533196148 19.3986388308
-99.0529060313 19.3984490116
-99.0525714286 19.3982974024
-99.0524597742 19.3982468119
-99.051860636 19.3979753388
-99.0513985398 19.3977659582
-99.0513182509 19.3977295786
-99.0508701185 19.397526523
-99.05065876 19.3974307531
-99.0505084881 19.3973626624
-99.050110975 19.3971805862
-99.0496393883 19.3969645795
-99.0492479775 19.3967852961
-99.0491525718 19.3967415956
-99.0488479488 19.3966020638
-99.0484534603 19.3964213672
-99.0481534634 19.3962839524
-99.0480089968 19.3962177786
-99.0477849618 19.3961151576
-99.0473973909 19.3959404952
-99.0470393877 19.3957791558
-99.0468661987 19.3957011053
-99.0463143475 19.395452404
-99.0457877316 19.3952150726
-99.0456750993 19.3951643121
-99.0452503365 19.3949728808
-99.0447238746 19.3947356149
-99.0445967286 19.3946783118
-99.0444735527 19.394622798
-99.044329021 19.3945570545
-99.0439053981 19.3943643587
-99.0434834132 19.3941724069
-99.0432535191 19.3940678323
-99.0430676743 19.3939832947
-99.0426986822 19.3938154449
-99.0422854721 19.3936274802
-99.042280469 19.3936252038
-99.0422754667 19.3936229284
-99.041764161 19.3933903402
-99.0416071245 19.3933189051
-99.0412039802 19.3931333718
-99.0408526823 19.3929716979
-99.0408249136 19.3929589183
-99.0404462791 19.3927846625
-99.0401501429 19.3926483734
-99.0400273466 19.3925918594
-99.0397181826 19.3924495737
-99.0392887481 19.3922519342
-99.0388890714 19.3920679896
-99.0385054829 19.3918914482
-99.0385040439 19.3918907857
-99.0385026058 19.3918901232
-99.0381046501 19.3917069687
-99.0377139689 19.3915271592
-99.0373166289 19.3913442848
-99.0371296687 19.3912582365
-99.0369438812 19.3911727284
-99.0365001679 19.3909685078
-99.0361530019 19.3908087881
-99.035748185 19.3906225453
-99.0357236865 19.3906112742
-99.0353201527 19.3904256199
-99.0349112774 19.3902375065
-99.0346270144 19.3901067234
-99.0345900429 19.3900897133
-99.0338526558 19.3897504544
-99.0336314007 19.3896486584
-99.0334541247 19.3895670964
-99.0330626657 19.3893869896
-99.0328839864 19.3893047805
-99.0326697904 19.3892062307
-99.0322792249 19.3890265328
-99.0318928014 19.3888487394
-99.0314887127 19.3886628168
-99.0314197422 19.3886310829
-99.0310407453 19.3884567035
-99.0308072947 19.3883492912
-99.0306665656 19.388285932
-99.0302840182 19.3881137011
-99.0299541795 19.3879651991
-99.0298693285 19.3879269968
-99.0294856844 19.3877542685
-99.0290782449 19.3875708263
-99.0290737117 19.3875687853
-99.0290691784 19.3875667443
-99.0286902814 19.3873961516
-99.0282965402 19.387218874
-99.0279276468 19.3870527831
-99.0276670104 19.3869354326
-99.0274795034 19.3868510083
-99.0270432797 19.3866545991
-99.0266674997 19.3864854038
-99.0263033608 19.3863214487
-99.0262439653 19.3862947053
-99.0258845091 19.3861328575
-99.0254978671 19.385958768
-99.025228423 19.3858374468
-99.0249589916 19.3857161309
-99.0248874828 19.3856839327
-99.0248053569 19.3856469539
-99.0244071268 19.3854676432
-99.0240179355 19.3852924015
-99.0236337067 19.3851193924
-99.0235017808 19.3850599887
-99.0231745553 19.3849126454
-99.0227634536 19.384727533
-99.0227144144 19.3847054516
-99.0223646813 19.3845479717
-99.0223522452 19.3845423722
-99.021957643 19.3843646871
-99.0219276307 19.3843511729
-99.0215524818 19.3841822458
-99.0211669259 19.3840086316
-99.0211120286 19.3839839114
-99.0207544066 19.3838228743
-99.0203484477 19.3836400706
-99.0203377372 19.3836347768
-99.0200641102 19.3834995425
-99.0199494765 19.3834428871
-99.0195720492 19.3832563498
-99.0195518915 19.3832458522
-99.019146309 19.3830346394
-99.018776747 19.382842184
-99.0187180541 19.3828116186
-99.0183286654 19.3826088368
-99.0179861522 19.382430464
-99.0179493891 19.3824113191
-99.0175290657 19.3821924241
-99.0172042771 19.3820232806
-99.0171664625 19.3820035874
-99.0170154133 19.3819245031
-99.0169191853 19.3818741215
-99.0165216633 19.3816659923
-99.0164197723 19.3816126451
-99.0160361245 19.3814126422
-99.0157918508 19.3812852963
-99.0156055623 19.3811881791
-99.0151322646 19.3809414355
-99.0151222199 19.3809361454
-99.0146614802 19.3806934987
-99.0146200388 19.3806716735
-99.0141906381 19.3804455303
-99.014074386 19.380384306
-99.0137382 19.3802072512
-99.013309766 19.3799816131
-99.0132844815 19.3799682967
-99.0128093976 19.3797180872
-99.0125177347 19.3795644777
-99.0123631272 19.3794830505
-99.0118903452 19.3792340491
-99.0117668854 19.379169026
-99.0114730755 19.3790142828
-99.0109827142 19.3787560198
-99.0109690867 19.3787488427
-99.010533406 19.3785193764
-99.0101647157 19.3783251924
-99.0098533475 19.3781390513
-99.0096209403 19.3780001133
-99.0095753978 19.3779728874
-99.0094546754 19.3779007164
-99.0094468813 19.3778960567
-99.0093243727 19.3778230918
-99.0092269198 19.3777650495
-99.0092221762 19.3777622245
-99.0091326668 19.3777089128
-99.0089746414 19.3776147936
-99.0087707316 19.3774933454
-99.0086582906 19.3774263759
-99.008559482 19.3773675252
-99.0084424767 19.3772978374
-99.0080170856 19.3770444732
-99.0077430185 19.3768812364
-99.0076833466 19.3768456953
-99.0073106405 19.3766237086
-99.0069173151 19.3763894384
-99.0065178592 19.3761515145
-99.0061601659 19.3759384635
-99.005785692 19.375715417
-99.0056906039 19.3756587795
-99.0054087246 19.3754908839
-99.0050406147 19.3752716261
-99.0047915216 19.375123257
-99.0046232718 19.3750230408
-99.0042338564 19.3747910887
-99.0042230495 19.3747848512
-99.0037905621 19.3745352349
-99.003328474 19.3742685321
-99.0029472477 19.3740484982
-99.0029146069 19.374029659
-99.0026484427 19.3738760356
-99.0022380541 19.3736391679
-99.0018280649 19.3734025291
-99.0014144614 19.3731638022
-99.0010144999 19.3729329475
-99.000614224 19.3727019098
-99.0001965631 19.3724608356
-99.0001574074 19.3724382346
-99.0000807119 19.3723939662
-98.9997978048 19.3722273476
-98.9994504234 19.3720227573
-98.9993964703 19.3719909811
-98.9990123285 19.3717647388
-98.9986236741 19.3715358369
-98.9983461365 19.371372377
-98.998211938 19.3712933383
-98.9980523482 19.3711993456
-98.9978837818 19.3711000655
-98.9976261648 19.3709483369
-98.9974934741 19.3708701856
-98.9972282178 19.3707139568
-98.9971688875 19.3706790129
-98.9968097596 19.3704674942
-98.996806604 19.3704656355
-98.9968034484 19.3704637768
-98.9964705317 19.3702676952
-98.9963773912 19.370212837
-98.9961610652 19.370085424
-98.9960490885 19.3700194713
-98.995824925 19.369887442
-98.9956058658 19.3697584181
-98.9956042239 19.3697574512
-98.9956025821 19.3697564834
-98.995330507 19.3695962339
-98.9951324633 19.3694795874
-98.9948828516 19.3693325668
-98.9947167772 19.3692347492
-98.9945999874 19.3691659596
-98.9942835334 19.3689795677
-98.9942801346 19.3689775663
-98.9942767359 19.3689755641
-98.9939535683 19.3687852158
-98.9938725148 19.3687374751
-98.9936117832 19.3685839009
-98.993440686 19.3684831231
-98.9932467464 19.3683688901
-98.9930486459 19.3682522063
-98.9929454224 19.3681914058
-98.9926175403 19.367998277
-98.9926125337 19.3679953284
-98.9926075272 19.3679923789
-98.9922734717 19.3677956124
-98.9921940272 19.367748818
-98.9919391797 19.3675987064
-98.9918939449 19.3675539829
-98.9917999782 19.3674610783
-98.9917553801 19.3670037689
-98.9918069653 19.36686498
-98.9918701431 19.3666950023
-98.9918836409 19.3666398269
-98.9919178095 19.3665001494
-98.9919477282 19.3663778468
-98.9919579869 19.3663359118
-98.9919865201 19.3662192713
-98.9920370337 19.3660127787
-98.9920547371 19.3659404096
-98.992184582 19.365409619
-98.9922513918 19.3651365089
-98.9922866847 19.3649922335
-98.992339137 19.3647778129
-98.9924183593 19.3644539596
-98.9924666801 19.364256427
-98.9924973336 19.3641311155
-98.9925763074 19.3638082733
-98.9925957608 19.3637287499
-98.9926254433 19.363607407
-98.9926774831 19.3633946675
-98.9927391628 19.3631425189
-98.992773211 19.3630033305
-98.992776792 19.3629886924
-98.9928586465 19.3626540709
-98.9928677733 19.362620045
-98.9929082236 19.3624692342
-98.9929272595 19.3623982647
-98.9929735517 19.3622256751
-98.9930200497 19.3620523204
-98.9931100825 19.3617166487
-98.9931453196 19.3615852796
-98.9933852134 19.3606908809
-98.9934675983 19.3603837229
-98.9935155679 19.3602931904
-98.9935936631 19.3601458047
-98.9940622722 19.3592614107
-98.9941752692 19.3590481529
-98.9944477868 19.3588461077
-98.9945472796 19.3585664397
-98.994556667 19.3581413255
-98.9942720387 19.357851838
-98.9937518487 19.3573798817
-98.9925032271 19.3563328169
-98.9924724332 19.3563069935
-98.991606219 19.3555805924
-98.9914674248 19.3554641998
-98.9913619367 19.3553635747
-98.9909923554 19.3550110294
-98.9908860864 19.354909659
-98.9907308527 19.35476158
-98.9905935968 19.3546306495
-98.9901064377 19.3541659418
-98.989625043 19.3537067264
-98.9891757613 19.3532781416
-98.9887769978 19.3528977446
-98.9880933133 19.3522455416
-98.9876135345 19.3517817759
-98.9875836262 19.3517528658
-98.9871747194 19.3513576052
-98.9860386766 19.3502594552
-98.9858683474 19.3500948056
-98.9854572925 19.3496974539
-98.9852101931 19.3494585897
-98.9848173569 19.3490788463
-98.9847043886 19.3489696426
-98.984485038 19.3487576006
-98.9838616123 19.3481639239
-98.9825603555 19.3469247359
-98.982387934 19.3467605367
-98.9822299709 19.3466101056
-98.9814992205 19.3459141969
-98.9812731884 19.3456949342
-98.9806602186 19.3451003175
-98.9798698719 19.344333626
-98.9796309893 19.3441018915
-98.979500954 19.3439757458
-98.9791940878 19.3436780595
-98.9790222427 19.343511354
-98.9789957501 19.343485654
-98.9787933208 19.3432892792
-98.9785425108 19.3429925424
-98.9780775284 19.3424424128
-98.9780633881 19.3424256839
-98.9778084243 19.342124029
-98.9775273319 19.3416497156
-98.9772775252 19.3412281904
-98.9771620848 19.3410333939
-98.9764563497 19.3398430392
-98.9761125118 19.3393102961
-98.9758246299 19.338864249
-98.9754796729 19.3383297636
-98.9752155268 19.3380316059
-98.9749597217 19.3377428598
-98.9746369943 19.3373785724
-98.9743251523 19.33702657
-98.9728689489 19.3357993681
-98.9727881898 19.3357313081
-98.9725575309 19.3355470842
-98.9716334729 19.3348090477
-98.9705556186 19.3338857046
-98.9683786073 19.3320313129
-98.9681085418 19.3318012637
-98.9680292047 19.3317336821
-98.9676738778 19.3314310042
-98.9672753875 19.3310915553
-98.9672027714 19.331029698
-98.9669168697 19.3307861541
-98.9667784028 19.3306711795
-98.9665193371 19.3304560637
-98.9660633188 19.3300774065
-98.9654481253 19.3295665751
-98.9653731703 19.3295043357
-98.9652868533 19.3294326611
-98.963996675 19.3283613246
-98.960880778 19.3257365283
-98.9604508778 19.3253743711
-98.9604482433 19.3253721525
-98.9583586753 19.3236118218
-98.9579026229 19.3232276159
-98.9590014628 19.3218590702
-98.9591555182 19.321659661
-98.9608604375 19.319452768
-98.9611310704 19.3191024448
-98.9613991259 19.3187554573
-98.9618761378 19.3181379788
-98.9625620797 19.3172500362
-98.9629658232 19.316727389
-98.962990591 19.3166155666
-98.9633412831 19.3150322372
-98.9634154586 19.3145056788
-98.9634428469 19.3143112502
-98.96344846 19.3142714026
-98.9635564529 19.3135047789
-98.9637471969 19.3121506879
-98.963747825 19.3121462308
-98.963895441 19.3110982919
-98.9638956337 19.3110969231
-98.9639727915 19.3105491664
-98.9640534443 19.3100477261
-98.9640548758 19.3100388262
-98.964229844 19.3089509936
-98.9642301033 19.3089493806
-98.9643933056 19.3079346874
-98.9644106559 19.3078869131
-98.9647760632 19.3068807698
-98.9653867652 19.3063359277
-98.9662756708 19.3059624832
-98.9672238449 19.3059698396
-98.9675564474 19.3037450184
-98.968242182 19.2991578176
-98.9689155516 19.2947389426
-98.9696071287 19.2902003082
-98.9702778699 19.2857981426
-98.9714308827 19.2783666885
-98.971745543 19.2766294524
-98.9733629399 19.2676991573
-98.974917571 19.2594905224
-98.9754131573 19.2575349924
-98.9765306257 19.2531253889
-98.9659868699 19.2499410072
-98.9679678062 19.23643632
-98.9685865041 19.2322179481
-98.9683666837 19.2321476204
-98.9679203129 19.2320048111
-98.9678755492 19.2319904896
-98.9661340905 19.2314333229
-98.962482854 19.2302650714
-98.9621350532 19.2301537849
-98.9604167747 19.229603969
-98.958647494 19.2290378128
-98.9561131487 19.2282268049
-98.9558740152 19.2281502785
-98.9522601729 19.2269937438
-98.9476447581 19.2255165524
-98.9466436807 19.2251961282
-98.945927313 19.2249668228
-98.9457703634 19.2249543075
-98.9452433816 19.2249122826
-98.9447600091 19.2246202826
-98.9441593437 19.2244292107
-98.9429495063 19.2240766929
-98.9403028121 19.2232396403
-98.9418588429 19.2179676008
-98.9425532108 19.2156148614
-98.9509093702 19.2181306674
-98.9510855348 19.2181837
-98.9521545777 19.2165990225
-98.952392442 19.2162464221
-98.9532751579 19.2154959761
-98.9528946785 19.2152699449
-98.9532831121 19.2153557564
-98.9536717598 19.2154416148
-98.9539483334 19.2146458472
-98.9553077264 19.2148353518
-98.9569088475 19.2150585387
-98.9574612845 19.2151355407
-98.9584494664 19.2148576661
-98.9591326342 19.2146655562
-98.9592267451 19.214639092
-98.9600301652 19.2144131619
-98.9597448975 19.2138708636
-98.9611294114 19.2139984544
-98.9625420813 19.2141286266
-98.9625829673 19.2141323929
-98.9626940491 19.2141426288
-98.9635353488 19.2130442562
-98.9643115762 19.2132392409
-98.9646539604 19.2130474483
-98.9671567825 19.2116454091
-98.967258728 19.2115029767
-98.9672781216 19.2114758807
-98.967553697 19.2110908564
-98.9678292708 19.2107058319
-98.9680667976 19.2105990161
-98.9684403688 19.2105763862
-98.9685279272 19.2105710817
-98.968376561 19.2104888499
-98.9676573435 19.2097960477
-98.9668377642 19.2090065582
-98.9668265137 19.2089613375
-98.9668634768 19.2087426747
-98.9670060218 19.2078994219
-98.9670518025 19.2076285981
-98.9674239661 19.2073271979
-98.9671813611 19.2070422497
-98.967168506 19.2066176073
-98.9672287421 19.2062510943
-98.9674045427 19.2061724263
-98.9675094133 19.2061254981
-98.9679791643 19.2057199806
-98.9685719803 19.2052082191
-98.9696785734 19.2042529135
-98.9677018915 19.2031288411
-98.9676802742 19.203025915
-98.9676096689 19.2026897395
-98.9670258322 19.1999098539
-98.9669786999 19.1979216519
-98.9676938923 19.1897430789
-98.9664103392 19.1870316627
-98.9598490576 19.1791678768
-98.956521746 19.1766352169
-98.9561746829 19.1767630629
-98.9549157317 19.1740633972
-98.9523856484 19.1686376161
-98.9656121735 19.1649304665
-98.9673663981 19.1644386892
-98.9652502634 19.1619616948
-98.9646160358 19.1612192929
-98.9637381687 19.1601916775
-98.963122686 19.1594711925
-98.9626974407 19.1589733955
-98.9620192685 19.1581795089
-98.9610843543 19.1570850539
-98.9605706144 19.1564836368
-98.960017451 19.15583606
-98.9598605224 19.1556523453
-98.9594683239 19.1551932012
-98.958484427 19.1540413417
-98.9583185348 19.1538471275
-98.9546263068 19.1495243605
-98.9594818971 19.1472984175
-98.9598955049 19.1471087976
-98.9626041941 19.1458669494
-98.9630370384 19.1456426037
-98.9664559397 19.1438705043
-98.9659560624 19.142584496
-98.9656631637 19.1418309615
-98.9654936699 19.1413949036
-98.965112719 19.1404148176
-98.9650890613 19.1403859996
-98.9646452873 19.1398454151
-98.9646055512 19.1397970095
-98.9638887183 19.1382174771
-98.9637603079 19.1379345224
-98.9634875593 19.1374880709
-98.9631754206 19.1369771413
-98.9628977062 19.1365225547
-98.9626262175 19.1360781559
-98.9624771038 19.1358340702
-98.9623770227 19.135670247
-98.962272678 19.1354558067
-98.961945472 19.1347833584
-98.9618171719 19.1345196846
-98.9617154046 19.1343105386
-98.9616255612 19.1341258971
-98.9614783959 19.1338234496
-98.9610918876 19.133029109
-98.960853966 19.1323052369
-98.9605098083 19.1312581281
-98.960432454 19.1310227743
-98.9595422118 19.1283141135
-98.9587294897 19.1258412263
-98.9585289654 19.1252738009
-98.9577973803 19.1232035864
-98.9575074776 19.1223832136
-98.9576560368 19.1196310087
-98.9580028445 19.1179153503
-98.9580704373 19.1175809637
-98.9585002427 19.1148979454
-98.9585627005 19.114508051
-98.9587019936 19.1136385011
-98.9586920167 19.1127052391
-98.9586905486 19.1125679404
-98.9584097556 19.1113093933
-98.9586063821 19.1104138801
-98.9586764818 19.1100946143
-98.9589566646 19.1090427192
-98.9590635074 19.1042779592
-98.9612397918 19.0955831839
-98.9632657709 19.0920627918
-98.9657214836 19.0858611701
-98.968283588 19.0831408707
-98.9713723311 19.0812183904
-98.9736966093 19.079553174
-98.9789954051 19.0744559535
-98.9823613709 19.0776084082
-98.9835944856 19.078763251
-99.0289936818 19.0853687924
-99.0301949047 19.0845565388
-99.0432088642 19.0757554611
-99.0487286632 19.0666015372
-99.0566503649 19.0534620253
-99.059800233 19.0482366638
-99.0620857492 19.0487187174
-99.1044538546 19.0576480257
-99.1051285682 19.05779012
-99.1254331213 19.0620647184
-99.1352126123 19.0888405524
-99.1353790162 19.0892960709
-99.1364814762 19.0893779917
-99.1782306798 19.0924742642
-99.2210843383 19.0956402974
-99.2267777804 19.0960600035
-99.2566296523 19.1165578166
-99.2786952182 19.1317017271
-99.2825888274 19.1382128348
-99.2876052456 19.146600574
-99.2931150658 19.1652990729
-99.2955968526 19.1728828047
-99.3001831229 19.1845785005
-99.3013314379 19.1884174084
-99.3027626436 19.1908550908
-99.3032433179 19.1936558075
-99.3039155702 19.1971791767
-99.3039651 19.1982635484
-99.3044448336 19.200522035
-99.3046865131 19.2026453556
-99.306130624 19.2061437439
-99.3067847339 19.2110808318
-99.307135535 19.2137284641
-99.3081331456 19.2143689128
-99.3082997005 19.2145124016
-99.312300284 19.2180310787
-99.3133657413 19.2189673766
-99.3162497564 19.2215016817
-99.3161217036 19.2225888285
-99.3155555312 19.2273953475
-99.3153433606 19.2291964851
-99.3212965002 19.2326654744
-99.3222548516 19.2326478342
-99.3243202914 19.2326097939
-99.3267195966 19.2325655701
-99.3304740381 19.2374804826
-99.3308214818 19.2379352981
-99.3357719983 19.2393270837
-99.3423409729 19.2411223996
-99.3420686738 19.2475391996
-99.3413168739 19.2521494805
-99.3398572377 19.259652913
-99.3376298403 19.2640399689
-99.3391598963 19.2676971463
-99.3409389905 19.2677977999
-99.3415520065 19.268094318
-99.3419106509 19.2681786875
-99.3422544247 19.2682914357
-99.3427775801 19.2684747078
-99.3430596628 19.2685476618
-99.3434911981 19.2688722656
-99.3437085175 19.2689619924
-99.3440752071 19.2691158188
-99.3446865993 19.2694752236
-99.3451283819 19.2699922023
-99.3455245019 19.2704374151
-99.3458457071 19.2708067502
-99.3461511371 19.2713078659
-99.3462968195 19.2720221289
-99.3464789929 19.2722294038
-99.3475125028 19.2730267252
-99.3482137061 19.2739609464
-99.3561284056 19.2749893536
-99.3619219079 19.2757418676
-99.3649242039 19.277769253
-99.3535813476 19.2919343097
-99.3545360265 19.2932880162
-99.3537158297 19.2933619153
-99.3534716043 19.2933839196
-99.3532767104 19.2934768415
-99.3529983628 19.2936492626
-99.3524138193 19.293994137
-99.351954274 19.2941404511
-99.3514920889 19.2941523799
-99.3512558554 19.2949661605
-99.3529238187 19.2960473998
-99.3534977887 19.2974018418
-99.3499852564 19.2968371898
-99.3562742413 19.3020145238
-99.3563686299 19.3033334198
-99.3566078394 19.3066757952
-99.333842071 19.3305904059
-99.3334278659 19.3313711138
-99.3327948249 19.332415668
-99.3323069511 19.3335181071
-99.331914952 19.3349542404
-99.3318205834 19.3355372135
-99.3316433362 19.3366321549
-99.331688235 19.3377935437
-99.3315918285 19.3381090896
-99.3314647959 19.3384265816
-99.3311903778 19.33879221
-99.3311916463 19.3394279057
-99.3311519463 19.3397756262
-99.3306663735 19.3400632178
-99.3303304924 19.3409872278
-99.3302005779 19.3411240749
-99.3297274368 19.3416224617
-99.3294877882 19.342269714
-99.3291613512 19.3429173086
-99.3290279478 19.3433792514
-99.3289372363 19.3436156176
-99.3287542717 19.3438568711
-99.328706894 19.3442509577
-99.3284798698 19.3447171277
-99.3282722585 19.3452024347
-99.3288813303 19.345624352
-99.3287982433 19.3460384514
-99.3284472926 19.3468192254
-99.328531051 19.3476088267
-99.3286965389 19.3478966381
-99.3286206525 19.3483074725
-99.328585172 19.3484995596
-99.3284577864 19.3489036865
-99.3283934109 19.3491388162
-99.3283268752 19.3494873429
-99.3284221105 19.349706417
-99.3286360189 19.349965346
-99.3288515581 19.3503562229
-99.3287567531 19.3506432276
-99.3287175742 19.3510075932
-99.3286461121 19.35138154
-99.3288242241 19.3521046541
-99.3286740756 19.352680003
-99.3284844184 19.3530923853
-99.3280412059 19.3533583633
-99.3277046506 19.3536363368
-99.3276680467 19.3540433868
-99.327431341 19.3541336767
-99.3267309429 19.3538223158
-99.3263919954 19.3536716351
-99.3258466463 19.3545930501
-99.3257120728 19.3550011615
-99.3255277351 19.3552581643
-99.3253008329 19.3555344661
-99.3250546777 19.355720357
-99.3250385812 19.356025127
-99.32467634 19.3564159619
-99.324145695 19.3573350349
-99.3237635187 19.3579525845
-99.3232858095 19.3583376623
-99.3228286638 19.3584991498
-99.3222190881 19.3586609046
-99.322042082 19.3586202878
-99.3215550286 19.3585085229
-99.3207522755 19.3581987099
-99.3204377776 19.3579625114
-99.3201436395 19.3577416012
-99.3201082788 19.3577150434
-99.3191522079 19.3576281493
-99.3187648743 19.3578450873
-99.3185448726 19.3579948508
-99.3181340198 19.3581564135
-99.3184915816 19.3584752929
-99.3206989491 19.3604438005
-99.3195427884 19.3636180438
-99.3181182482 19.3641564683
-99.3180494981 19.3648208928
-99.3176076291 19.3657295301
-99.3168615593 19.3663065257
-99.3153897535 19.365888358
-99.3145283788 19.3672405696
-99.3140636034 19.3683928034
-99.313808443 19.3693011111
-99.3130876409 19.3704487434
-99.3107068872 19.3704076553
-99.3097774895 19.3711748162
-99.3092807576 19.3715848323
-99.3077648565 19.3715611732
-99.3061269265 19.3735999322
-99.3050052584 19.3768334338
-99.3034834226 19.3778300272
-99.3015567127 19.3771688199
-99.3013090454 19.3770838235
-99.3018500521 19.3759432724
-99.3019384478 19.3757569148
-99.3015571739 19.374924342
-99.3013573944 19.3738352574
-99.3012588972 19.3730202525
-99.3011504084 19.3722330948
-99.3009965808 19.3719430871
-99.3009631413 19.3717692464
-99.3009441974 19.3712222809
-99.3008866664 19.37061808
-99.3009962119 19.3701016846
-99.3012315767 19.369700443
-99.3005822814 19.3690589694
-99.3004174468 19.3688961213
-99.3004162979 19.3688949863
-99.300415148 19.3688938503
-99.2996829673 19.3681704802
-99.2990197795 19.3675152625
-99.2987167877 19.3683017328
-99.2986242041 19.3684939977
-99.2984384386 19.3688797646
-99.298268426 19.3690716336
-99.2981665117 19.3691866492
-99.2979171381 19.3693249524
-99.2974725721 19.3694139949
-99.2969473394 19.369310363
-99.2965571619 19.3692333767
-99.2962383923 19.369182075
-99.2957619238 19.3691053919
-99.2955872932 19.369077286
-99.2953129507 19.3693775767
-99.2950771717 19.3695851305
-99.2949459108 19.3697130843
-99.2947713375 19.3698646786
-99.2944478008 19.3699243729
-99.2941405177 19.3700470122
-99.2940796324 19.3700713119
-99.2938893641 19.3701472496
-99.2937579564 19.3704411943
-99.2936475182 19.3706882302
-99.2934156984 19.3712067822
-99.2932332212 19.3719173754
-99.2931554321 19.3720220701
-99.2929624255 19.3722818329
-99.2929216677 19.3723366871
-99.2926120195 19.3726601289
-99.2922992723 19.3730103148
-99.2922377708 19.373079179
-99.2920552045 19.3732835988
-99.2918308396 19.3733967643
-99.2916432508 19.3734913799
-99.2911757247 19.3734872073
-99.2911368549 19.3738410711
-99.2910696222 19.3740209178
-99.2907692836 19.3743172985
-99.290613944 19.3750225398
-99.2901258079 19.3750084658
-99.290026244 19.3750055947
-99.2897975711 19.3749990007
-99.2897153724 19.3749966303
-99.2895722016 19.375189838
-99.2892706961 19.3751653884
-99.288946677 19.3751391117
-99.2887689657 19.3751247001
-99.2886445054 19.3751146072
-99.288282667 19.3755271383
-99.2881073622 19.3757270016
-99.2880524821 19.3757895697
-99.2878462543 19.3762682457
-99.2878082595 19.3763564373
-99.2876679219 19.3766821712
-99.2869093176 19.3765021272
-99.2863961743 19.3764335497
-99.2862231056 19.3764304416
-99.2861348355 19.3764318972
-99.2856970286 19.3764391168
-99.2857078809 19.3772465203
-99.2856686313 19.3776311077
-99.2850718961 19.3779991777
-99.2851108648 19.3788690519
-99.2850440244 19.3790508651
-99.2848457093 19.3791113889
-99.2846764288 19.3793497977
-99.2846764178 19.3793498238
-99.2845687023 19.3796882825
-99.284460524 19.3797609429
-99.284231201 19.3797915106
-99.283811291 19.3796679701
-99.2837711155 19.3799779498
-99.2832978253 19.3804402766
-99.2828304739 19.3814040038
-99.2826648739 19.3814153011
-99.2818471712 19.3814710799
-99.2817728884 19.3814761464
-99.280528739 19.3820432193
-99.2801874289 19.3821987831
-99.2800351232 19.3822682007
-99.2795221028 19.3828073572
-99.2791210898 19.3832287949
-99.2787152102 19.3835391295
-99.2760430218 19.3855822178
-99.2760693689 19.3851921163
-99.2736851026 19.3870367209
-99.2736028158 19.3872399433
-99.2732149701 19.3875868654
-99.2730024655 19.3883520476
-99.2729746786 19.3885497411
-99.2729061334 19.3890217021
-99.2727757633 19.3893799483
-99.272432499 19.3896784131
-99.2718370876 19.3897362122
-99.2710404977 19.3899309605
-99.2702931808 19.3900961895
-99.2702236715 19.3901115578
-99.2697714115 19.3902666027
-99.2695695178 19.3903838076
-99.2695380973 19.3906317818
-99.2695906783 19.3907874665
-99.2696187002 19.3910066479
-99.2694774375 19.3913623159
-99.2692526837 19.3915627408
-99.2689936601 19.3916797818
-99.2685624646 19.3919349005
-99.268312046 19.3921348648
-99.2681056455 19.3926514856
-99.2680984905 19.3929702122
-99.268072312 19.3933157409
-99.2680667299 19.393393496
-99.268051156 19.3936104422
-99.2679737591 19.3940909674
-99.2673855344 19.3947469964
-99.2672371435 19.3949124911
-99.2667484103 19.3955492351
-99.2664385261 19.3960803988
-99.2662836002 19.3966235736
-99.2661153127 19.3973447906
-99.2657607585 19.3981903051
-99.2653811814 19.3986840307
-99.2650766455 19.3989509429
-99.2649562648 19.3989586947
-99.2648597898 19.3988522677
-99.2647222175 19.3987585748
-99.2645892675 19.3987138535
-99.2644043551 19.3986889258
-99.2642518455 19.3986946248
-99.2640958553 19.3986926609
-99.2640089213 19.3987621412
-99.263993143 19.3988991866
-99.2639933259 19.3990134289
-99.264072156 19.3992313594
-99.2639157608 19.3994269377
-99.2635602466 19.3995030984
-99.2631875205 19.3995352995
-99.262755829 19.3996647926
-99.2624107506 19.3997085104
-99.2621559363 19.3996663411
-99.2620653994 19.3995939693
-99.2618832758 19.3993483112
-99.2618252269 19.3993000939
-99.2617408557 19.3992702356
-99.2616213968 19.3992687416
-99.2613035267 19.3993291589
-99.2611402171 19.3996472971
-99.2609092678 19.3999582215
-99.2604532272 19.4002510484
-99.2598705107 19.4005400642
-99.2594816153 19.4009319476
-99.2592671213 19.4011851952
-99.2590741713 19.4014627781
-99.2592257844 19.4017650365
-99.2590421728 19.402484338
-99.2589408726 19.4032766757
-99.2588254009 19.4037489
-99.2586790456 19.4040604481
-99.2581300461 19.4047634747
-99.2578842442 19.4048431971
-99.2576977335 19.4048480282
-99.2577228833 19.4046793384
-99.2577239781 19.4045085894
-99.2577787056 19.4042847564
-99.2580053644 19.4039643993
-99.2582425194 19.4030897662
-99.2582685331 19.4026842133
-99.2582337443 19.4025263814
-99.2581544657 19.4024278025
-99.257779704 19.4017905173
-99.2576633948 19.4015927322
-99.2576222609 19.401525183
-99.2573756613 19.4011202241
-99.256979354 19.4004316867
-99.256935629 19.4004566076
-99.2568919039 19.4004815285
-99.2568058002 19.4005752339
-99.2566728365 19.4007199364
-99.256528595 19.4011392222
-99.2563828938 19.4015220692
-99.2561866554 19.4020377075
-99.2561376071 19.4021787737
-99.2561224857 19.4022222633
-99.2560134836 19.4025357569
-99.2560276178 19.4031245064
-99.2560340542 19.403392597
-99.2560381085 19.4035614957
-99.255807911 19.4035724188
-99.255309612 19.4041279431
-99.2548574086 19.4045542794
-99.2543467629 19.404863111
-99.2537165208 19.4050114737
-99.2533366072 19.4050945131
-99.2528389031 19.4057391258
-99.2522171194 19.4060431215
-99.2516685868 19.4062326926
-99.2509416813 19.4064164303
-99.2505706352 19.4066985687
-99.2503433605 19.4069910723
-99.2500714089 19.4072325566
-99.2497426557 19.4073700563
-99.2494136104 19.4075197514
-99.249181847 19.4077294457
-99.2489548302 19.4080204355
-99.2486794569 19.4082668338
-99.2485162604 19.4084731976
-99.2483119657 19.4086485838
-99.247970782 19.4087804349
-99.2475316317 19.4088137257
-99.2466188015 19.4090781393
-99.2460620217 19.4092841869
-99.2450242472 19.4096695387
-99.2442259646 19.4099415756
-99.2439913806 19.4102049065
-99.2437001947 19.410526683
-99.2433620164 19.4107196873
-99.2430147903 19.410803751
-99.242681488 19.4110569209
-99.2423312945 19.4113015143
-99.2418807557 19.4114805865
-99.2408302649 19.4119183221
-99.2401651014 19.4121385489
-99.23991185 19.4121936753
-99.2396225746 19.412203855
-99.238918167 19.4120418066
-99.2386380511 19.412011642
-99.2384003502 19.4120072989
-99.2381050777 19.4120804627
-99.2376138196 19.4122021871
-99.237304707 19.4123596192
-99.2370470699 19.4125548172
-99.2369148933 19.41270659
-99.2367475316 19.4130787007
-99.2364973722 19.4135957736
-99.2362029464 19.4140851141
-99.235933959 19.4144969118
-99.2356701093 19.4150133923
-99.235574096 19.4152417023
-99.235447198 19.4154358044
-99.2349495116 19.415748819
-99.2346271654 19.4159709209
-99.2345048277 19.4163967263
-99.2343841378 19.4165860907
-99.2342525881 19.4166884504
-99.2340606386 19.4167638954
-99.2338926968 19.4167678411
-99.2337627648 19.4167233411
-99.2336125282 19.4165848736
-99.2334419503 19.417221709
-99.2333844398 19.4174826182
-99.2333792728 19.4175602109
-99.2333634631 19.4177975974
-99.2332346486 19.4178389066
-99.233191181 19.4180467542
-99.2331599113 19.4181577796
-99.2331217617 19.4182719176
-99.2330601702 19.4183876554
-99.2330690008 19.4184827224
-99.233090947 19.4185859938
-99.2330562105 19.4186604173
-99.2329909876 19.4188940242
-99.2329707578 19.4190229754
-99.2329871644 19.4192630988
-99.2329740468 19.4193950247
-99.2329105958 19.4194299067
-99.2326352391 19.419379944
-99.2325455889 19.4193911448
-99.2324664094 19.41942052
-99.2324165576 19.4194735449
-99.2323762942 19.4195673588
-99.2323566552 19.4196847953
-99.2323568087 19.4197927497
-99.2321046168 19.4198730983
-99.2318171261 19.4199904675
-99.2316755222 19.4201652678
-99.2316262055 19.420306166
-99.2315697372 19.4205996451
-99.2315591234 19.420736879
-99.2315071574 19.4207557134
-99.2313068128 19.4208099459
-99.2312159946 19.4208576983
-99.2311125411 19.4209337054
-99.2310606588 19.4209794906
-99.2310246328 19.4210699276
-99.2309685843 19.4212605326
-99.230958025 19.4213668003
-99.230926209 19.4215467315
-99.2308912474 19.4216371346
-99.2308434634 19.4217068913
-99.2307700478 19.4217338006
-99.23066388 19.4217428427
-99.2305330392 19.4217607255
-99.2303895537 19.4217984933
-99.2302855852 19.421810361
-99.2300982281 19.4218257026
-99.2297619325 19.4219951403
-99.2296828576 19.4221031942
-99.2295418738 19.4221597268
-99.2293835437 19.4222045444
-99.2293631183 19.4222370059
-99.2291694684 19.4224592979
-99.2289690951 19.4226244529
-99.2288689397 19.4227292647
-99.22873885 19.4229767822
-99.2286522556 19.4231925511
-99.2284952551 19.4233259576
-99.2284567981 19.4234191036
-99.2283031209 19.4235112559
-99.2281660782 19.4235368323
-99.2280691058 19.4235432929
-99.227938701 19.4235656416
-99.2278752267 19.4236038016
-99.2278518541 19.4236450315
-99.2278553432 19.4236785032
-99.2278621448 19.4237926877
-99.2278490515 19.4239735023
-99.2278324478 19.4240623124
-99.2277857406 19.4241289755
-99.2277289912 19.4241829746
-99.2276387053 19.4242211194
-99.2275384425 19.4242498175
-99.2274214156 19.4242531342
-99.2271894257 19.4242573377
-99.2270171674 19.4243195868
-99.2267964773 19.4245391167
-99.2266995445 19.4246658949
-99.2263307365 19.4252382133
-99.2260698944 19.4258284294
-99.2258705125 19.4262262893
-99.2257050627 19.4264096942
-99.225462867 19.426587328
-99.2251597529 19.4267139174
-99.2248471617 19.426849143
-99.22464029 19.4269657499
-99.2244675527 19.4270800501
-99.2243220547 19.4270184362
-99.2237842504 19.4268096205
-99.2232452359 19.4265648936
-99.2228036507 19.4263675172
-99.2227719334 19.4263860285
-99.222668485 19.4265811218
-99.2225616588 19.4267144616
-99.2223282888 19.4269456145
-99.2222744215 19.4270229616
-99.2223202786 19.4271301403
-99.2225520286 19.4273170874
-99.222703476 19.4276644795
-99.2228685741 19.4281122058
-99.2229558888 19.4284734811
-99.2230000674 19.4286132911
-99.2230203134 19.4287383593
-99.2231064973 19.4290660737
-99.2231526591 19.4291833274
-99.2232103191 19.4293068664
-99.2232858035 19.4294138997
-99.2233783397 19.4295050664
-99.223553476 19.429623319
-99.2237134946 19.4297059691
-99.2242989954 19.4300083814
-99.2244307839 19.4300766479
-99.2247683198 19.4302514887
-99.2251751636 19.4304607392
-99.2265083798 19.4310729881
-99.2266219071 19.4311541062
-99.226731078 19.4312456668
-99.2268180221 19.431338244
-99.226859886 19.431444242
-99.2268723131 19.4315859861
-99.2268015744 19.4318919383
-99.226664564 19.4322711371
-99.2264157134 19.4327641137
-99.22615753 19.4337191264
-99.2261520148 19.433859476
-99.2261713599 19.4339653385
-99.2262250717 19.4340613472
-99.2262956095 19.4341308371
-99.226393209 19.4342094831
-99.2270198784 19.4345487834
-99.2272094371 19.4346596958
-99.2273375891 19.4347887588
-99.2274303233 19.43494472
-99.227493147 19.4350904654
-99.2275032401 19.435230498
-99.2272839719 19.4358674102
-99.2271639315 19.4362129044
-99.2271134691 19.4368221366
-99.2277385593 19.4374221368
-99.2281312528 19.437799066
-99.22815236 19.4380164807
-99.2281097108 19.4382098162
-99.228062097 19.4383221918
-99.2279626728 19.4384435835
-99.2278514001 19.4385586756
-99.2235842649 19.441563705
-99.2219649999 19.4426865354
-99.2209382082 19.4434339765
-99.2205828117 19.4436753239
-99.2201358332 19.4438108089
-99.2197374914 19.4438472632
-99.2195057543 19.4438684704
-99.2186892994 19.4439730528
-99.2181796819 19.4440575037
-99.2181329487 19.4441118336
-99.2181537839 19.444156228
-99.2182163373 19.444235038
-99.2183048405 19.4442990598
-99.2192257832 19.4447741283
-99.2194094883 19.4449057002
-99.219536162 19.4450171948
-99.2196377541 19.4451199453
-99.2197609294 19.4452497855
-99.2198531822 19.4453614532
-99.2199765533 19.445556851
-99.220060284 19.4457591752
-99.2201128756 19.4459710227
-99.2201487173 19.4461163539
-99.220147405 19.4462717711
-99.2201459728 19.4464412901
-99.2201360602 19.4472773328
-99.2201276429 19.4479872839
-99.2201156566 19.4489982294
-99.219954738 19.4515493389
-99.2199592015 19.4518786425
-99.2199629412 19.4521545006
-99.2199727768 19.4528801351
-99.2197717166 19.4528839065
-99.2191956694 19.4529414906
-99.2190143171 19.4529718318
-99.2188516703 19.4529990434
-99.2185225976 19.4530540971
-99.2181999373 19.453217503
-99.2181364007 19.4532496803
-99.2180885469 19.4532739151
-99.2179151138 19.4533617469
-99.2173648127 19.4536711059
-99.2169784035 19.4540672204
-99.21695446 19.4540917655
-99.2167665044 19.4542844411
-99.2164212103 19.4547142928
-99.2162739201 19.4548976515
-99.2160770355 19.4551576888
-99.2159747287 19.455292811
-99.2157283373 19.4556182333
-99.2152851287 19.4562238561
-99.2152525889 19.4563108931
-99.2152208364 19.4563958259
-99.2152020018 19.4564462056
-99.2151658658 19.456542861
-99.2148561328 19.4573713313
-99.2142479278 19.4585588151
-99.2142235555 19.4586737806
-99.2140445593 19.4595181121
-99.2139393491 19.4604058448
-99.2126314839 19.4624513476
-99.2129638929 19.4626216242
-99.2135444391 19.4629190061
-99.2123930656 19.4663787408
-99.2121483985 19.4671139147
-99.2119418785 19.4670791854
-99.2117852729 19.4670819142
-99.2117288186 19.4671378559
-99.2116392085 19.4674061834
-99.2115366542 19.4679933448
-99.211434718 19.4680008803
-99.2113715387 19.4680364159
-99.2109606791 19.468267507
-99.2107234006 19.468480834
-99.2105646402 19.468658295
-99.2104505855 19.4687857826
-99.2099120515 19.4693816209
-99.208901234 19.4700565563
-99.2088626493 19.4700823192
-99.2087054397 19.4700344593
-99.2086926163 19.4700305551
-99.208211513 19.4698840891
-99.2076856654 19.4697239985
-99.2071736564 19.4695681192
-99.2068249766 19.4712150706
-99.2077728789 19.4714707187
-99.2079674125 19.4715231837
-99.2083492823 19.4716261703
-99.2083691778 19.4716315364
-99.2089556425 19.4717896998
-99.2092360982 19.4718653355
-99.2096347745 19.471972852
-99.2100331169 19.472080278
-99.2107839772 19.4722827689
-99.2108150475 19.4722911482
-99.2114126744 19.4724523137
-99.2120448471 19.4726227918
-99.2126283916 19.472780154
-99.2132929465 19.4729593591
-99.2135613439 19.473031734
-99.2138792838 19.4731174684
-99.2142157736 19.4732082047
-99.2144846204 19.4732807005
-99.2148778287 19.4733867296
-99.2151681203 19.4734650067
-99.2155400091 19.4735652847
-99.2158631645 19.4736524223
-99.2161732479 19.4737360334
-99.2168772975 19.4739258721
-99.2175044285 19.4740949686
-99.2181701564 19.4742744693
-99.2188472254 19.4744570257
-99.219510508 19.474635861
-99.2201580836 19.474810459
-99.2205583098 19.4749183658
-99.2211150709 19.4750684752
-99.2209199918 19.4759081073
-99.2207100924 19.4768115168
-99.2204995176 19.4777178235
-99.2203585673 19.4781552251
-99.2203367611 19.4782228937
-99.2200477086 19.4791198843
-99.2197721972 19.4799748443
-99.2196627517 19.4803144709
-99.219455937 19.4809025423
-99.2191375534 19.481807845
-99.2188287529 19.4826858862
-99.2186074047 19.4833152606
-99.2185193356 19.4835656727
-99.2183380648 19.4840810882
-99.2181564953 19.4845973473
-99.2180458331 19.4849119928
-99.2174992118 19.4864514551
-99.2173121844 19.4869781765
-99.2171633283 19.4873973941
-99.217158102 19.4874121121
-99.2168578863 19.4882575908
-99.2165398136 19.4891533473
-99.2164498242 19.489406775
-99.2162790956 19.4898875734
-99.2161800569 19.490166482
-99.2160065929 19.490691509
-99.2157168348 19.4915685191
-99.2156982499 19.4916247735
-99.2154469161 19.4923854749
-99.2153866905 19.4925677547
-99.2152028699 19.4931241098
-99.2149820255 19.493792517
-99.2148236761 19.4942717752
-99.2146069418 19.4949277342
-99.2143722329 19.4956380849
-99.2141161039 19.496413261
-99.2138909473 19.4970946923
-99.2138389333 19.4972521104
-99.2136844219 19.4977197279
-99.2135008022 19.4982754355
-99.2134630629 19.4984087478
-99.2128647783 19.5005221428
-99.2124983936 19.5017619206
-99.2123200229 19.5023709078
-99.212234987 19.5026612312
-99.2119925016 19.5035107288
-99.2119664069 19.5036363211
-99.2116838017 19.5049964968
-99.21144487 19.5067228836
-99.2113771246 19.5072123685
-99.2112190502 19.5078122113
-99.2111615931 19.5080302431
-99.2110524232 19.5084445029
-99.2107796029 19.5090847653
-99.2106976094 19.5093495045
-99.2106871081 19.5093834106
-99.2106334302 19.5095567232
-99.2104750414 19.5100715766
-99.2103716487 19.5105399403
-99.2103231128 19.5106704418
-99.2102406121 19.5108922641
-99.2101641635 19.5111391239
-99.2100662196 19.5112727514
-99.2099870945 19.5113783283
-99.2099438508 19.5114360288
-99.2098016564 19.5116032233
-99.2096918382 19.5117323495
-99.2096293452 19.5118153029
-99.2094961718 19.5119920761
-99.2094056443 19.512150243
-99.2093818511 19.5121918147
-99.2093160316 19.5123068128
-99.2092575377 19.512409011
-99.209194687 19.5124684783
-99.2090732215 19.5125834047
-99.2089704718 19.5126806227
-99.2085237281 19.5129588179
-99.2081438328 19.5131953834
-99.2080950894 19.5132181688
-99.2071292998 19.5136696204
-99.2070161196 19.5137314707
-99.2065983244 19.5139597862
-99.206174155 19.5141915834
-99.2059190345 19.5143309989
-99.2058096179 19.5144062482
-99.2055227803 19.5146035139
-99.2052372527 19.5147998771
-99.2051401867 19.5148575542
-99.204960518 19.5149643133
-99.204671646 19.5151359606
-99.2043350577 19.5150341906
-99.203906588 19.5149046378
-99.2035315198 19.5147912304
-99.2029413064 19.5146127691
-99.2029404373 19.5146125065
-99.2027346005 19.5145502672
-99.2025836527 19.5145046251
-99.2025799283 19.5145034986
-99.2018966158 19.5142968817
-99.2018881306 19.5142943159
-99.201704531 19.5142387996
-99.2009747437 19.5140181243
-99.2008001723 19.513965336
-99.2002961502 19.5138129252
-99.2001730975 19.5137757152
-99.2001032509 19.5137545939
-99.1999688836 19.5137139625
-99.1993878001 19.5135382446
-99.1991748389 19.5134738457
-99.199058393 19.5134386322
-99.1987996693 19.5133603939
-99.1986448792 19.5133135848
-99.1969423232 19.512798714
-99.1967205032 19.5127316316
-99.1966226611 19.5127020428
-99.1940336923 19.5119190606
-99.1940062821 19.5119107708
-99.1920314857 19.5113134965
-99.1918979581 19.5112731109
-99.1914984096 19.5105795256
-99.1906745474 19.5104100438
-99.1889531926 19.5100559193
-99.1889291671 19.5100509768
-99.1885516227 19.5099733027
-99.1884311457 19.5099485169
-99.187382518 19.5095188719
-99.1870002602 19.5093622498
-99.1869862995 19.5093565299
-99.1865616685 19.5091593761
-99.1861666562 19.508975972
-99.1853850259 19.5086130581
-99.1852213649 19.5085370689
-99.1851289031 19.5085067028
-99.1846168897 19.5083385461
-99.1842507708 19.508218303
-99.183827849 19.5080794026
-99.1834794392 19.507964974
-99.1830759286 19.5078324469
-99.1827004992 19.5077091412
-99.1824510979 19.5075634417
-99.1824468391 19.5075609535
-99.1823069662 19.5074792391
-99.1822908065 19.5074697983
-99.1819157362 19.5074898179
-99.177499006 19.5063143053
-99.1774118557 19.5062911088
-99.17736854 19.5062795792
-99.1770504168 19.5061949053
-99.1767378021 19.5064204222
-99.176624495 19.5065021613
-99.1760718991 19.5069007943
-99.1760256895 19.5069488568
-99.1755380886 19.5074560086
-99.1754027696 19.5074848288
-99.1753647815 19.5074929191
-99.1751841104 19.5075313983
-99.1748752372 19.5075971805
-99.1740404599 19.5079499953
-99.173712577 19.5081618493
-99.1736656152 19.5081921923
-99.1735652311 19.5082570534
-99.1730428408 19.5085867043
-99.1725993759 19.5084265488
-99.1716042172 19.5080671444
-99.1712917731 19.5079543026
-99.170878199 19.5078049356
-99.1704139298 19.5076372576
-99.1699559774 19.507405834
-99.1695346441 19.5071929142
-99.1691432857 19.5069951397
-99.1691093182 19.5069779737
-99.1688000152 19.5068216651
-99.1686890459 19.5067655862
-99.1673707293 19.5062146726
-99.1673132917 19.5061906692
-99.1670781607 19.5060924078
-99.1663162915 19.5058286837
-99.1658554531 19.50566916
-99.1653766158 19.505503404
-99.1649405033 19.5053524366
-99.1644109429 19.5051691185
-99.163937772 19.5050053185
-99.1634559946 19.5048515682
-99.1629901415 19.5047028984
-99.1628976445 19.504673379
-99.1625589838 19.5045652992
-99.162067675 19.504408501
-99.1616173017 19.5042647656
-99.1611378347 19.5041117437
-99.1606966791 19.5039709473
-99.160213748 19.5038168162
-99.1597343354 19.5036638063
-99.1592521081 19.5035098964
-99.1571811062 19.5028488832
-99.1577018905 19.5042073633
-99.1577523883 19.5043390857
-99.1578797429 19.5046712919
-99.1583574747 19.5059174413
-99.1584372696 19.5061255829
-99.1588443819 19.5071875007
-99.1590495892 19.5077227569
-99.1594604887 19.5087945318
-99.1595111593 19.5089267007
-99.1596095545 19.5091833424
-99.1601883508 19.5106930224
-99.1606660923 19.5119390905
-99.1608413418 19.512396176
-99.1608470838 19.512411153
-99.1609638631 19.5127157379
-99.1610689929 19.5129899354
-99.1612567473 19.5134796286
-99.1617750422 19.5148314148
-99.1622344089 19.5160294891
-99.1623019758 19.516205709
-99.1624801043 19.516670281
-99.1628885578 19.5177355402
-99.1629751968 19.5179614944
-99.1647340706 19.5189920634
-99.1647344134 19.5189922646
-99.1659594348 19.5197100157
-99.166411345 19.5199747904
-99.1668172445 19.5202126057
-99.1672611722 19.5204726988
-99.1673091791 19.5205008252
-99.1677816897 19.5207776637
-99.167783464 19.5207787029
-99.1682296759 19.5210401284
-99.168648243 19.5212853574
-99.1690877667 19.5215428625
-99.1695039129 19.5217866701
-99.1699626567 19.5220554304
-99.1704386865 19.5222418939
-99.1705206794 19.522274011
-99.1708474864 19.5224020216
-99.170890641 19.5224163215
-99.1713757192 19.5225770617
-99.1718071995 19.5227200392
-99.1718270264 19.5227266089
-99.1722913979 19.5228804836
-99.1725619992 19.52297015
-99.1727709717 19.523034053
-99.1729994648 19.523103924
-99.1732353997 19.5231760708
-99.1737054657 19.5233198104
-99.1741822848 19.5234656141
-99.1743129067 19.5236402191
-99.1743882502 19.5237409321
-99.174630712 19.5240650351
-99.1744500177 19.5242561214
-99.1742064398 19.524513708
-99.173993744 19.5247165421
-99.1737612436 19.5249382616
-99.1734589201 19.5252265644
-99.17314254 19.5255282698
-99.1730714048 19.5255961056
-99.1723611678 19.5262733943
-99.1721399384 19.5264770935
-99.1719378472 19.5266631698
-99.1713672808 19.527188519
-99.1717573023 19.527478829
-99.172115014 19.5277384944
-99.1725898458 19.5280831753
-99.1726102118 19.5280977348
-99.1729915223 19.5283703306
-99.1734536766 19.5287007183
-99.1738342338 19.5289826264
-99.1743719978 19.5293809861
-99.1752638264 19.5300320221
-99.175360948 19.5300946104
-99.1755232943 19.529844509
-99.1757653092 19.5294716728
-99.1761535779 19.528873521
-99.1762635209 19.5289295862
-99.176615618 19.5291091369
-99.1770457348 19.5293284706
-99.1762785765 19.5306425668
-99.176349498 19.5307163836
-99.1760114641 19.5320360434
-99.1754236735 19.5319770573
-99.174954123 19.5318781033
-99.1745264401 19.5317113306
-99.1740702868 19.5315716946
-99.1726499553 19.5309835631
-99.1723726946 19.530868753
-99.1723341213 19.530855478
-99.1719144207 19.5307110367
-99.1714708739 19.5305583878
-99.1704232496 19.5301978356
-99.1703811091 19.5301833333
-99.169979059 19.53004496
-99.1698635256 19.5300051973
-99.1691471397 19.5297586365
-99.1687446897 19.529620122
-99.1686122671 19.5295745048
-99.1680036621 19.5293648509
-99.167672494 19.5292507684
-99.1674359426 19.5291851281
-99.1667160579 19.528985366
-99.1662529818 19.5288568646
-99.1658129153 19.5287349275
-99.165239956 19.5285761658
-99.1645694079 19.5283903605
-99.1641668227 19.528278804
-99.1630198402 19.5279638098
-99.1627849899 19.5278993125
-99.1626064676 19.5278502842
-99.1621928867 19.5277366991
-99.1621228281 19.5277174583
-99.1617663568 19.5276195574
-99.161658138 19.527589836
-99.1611596852 19.5274529381
-99.1610310754 19.527417616
-99.1607005949 19.5273268499
-99.160348203 19.5272300654
-99.1598579843 19.5270954249
-99.1595576534 19.5270129376
-99.1591586521 19.5269033483
-99.1590143504 19.5270570205
-99.1588291358 19.5272542612
-99.1573155383 19.5278776732
-99.1567981268 19.5280907774
-99.157145401 19.5282574547
-99.1583411083 19.5287514288
-99.1585987189 19.5288578522
-99.1585170396 19.5289642082
-99.158433215 19.5290733569
-99.1583089957 19.5292351032
-99.1574010058 19.5304173886
-99.1573710175 19.530456436
-99.1571923138 19.5306891223
-99.1569074233 19.5310600685
-99.1566626137 19.5313788262
-99.1564943277 19.5315979431
-99.1561319659 19.5320697544
-99.1558472416 19.5324404768
-99.1569835887 19.5330714945
-99.1578441132 19.5335493378
-99.1585134831 19.5339210278
-99.1580449689 19.5352889909
-99.1579341531 19.5354238502
-99.1579187798 19.5354425581
-99.1573348597 19.5361531626
-99.1570655438 19.5364809058
-99.1566876252 19.5369408093
-99.1560453436 19.5377224169
-99.1553177544 19.5386078249
-99.1546474395 19.5394235225
-99.1541078437 19.540080142
-99.1539567677 19.5403057677
-99.1539481844 19.540318587
-99.1535734256 19.540878267
-99.1533329681 19.5412373737
-99.1532518939 19.5413657729
-99.153234475 19.541393359
-99.1529312186 19.541873629
-99.1526446219 19.5423275119
-99.1523929884 19.5427260208
-99.1522568552 19.5429416123
-99.1520921763 19.543202409
-99.1520757347 19.5432284474
-99.152073599 19.5432318293
-99.1519617048 19.5434090339
-99.1516352891 19.5439438808
-99.1514218423 19.5442936221
-99.1512166995 19.5446297538
-99.1510849008 19.5448457092
-99.1515202167 19.5450519596
-99.1529208218 19.5457155452
-99.1530264859 19.5457656069
-99.1541824954 19.5463132934
-99.1543807631 19.5464072267
-99.1546677378 19.5465431852
-99.1553325901 19.5468581664
-99.1553544098 19.5468685035
-99.1554022874 19.5468896226
-99.1558509965 19.5470875534
-99.1565545511 19.5473978963
-99.1570005051 19.5475946074
-99.1575745408 19.5478478131
-99.1580653137 19.5480642879
-99.1581881201 19.5481184564
-99.1586457835 19.5483203266
-99.1585453621 19.5487491468
-99.1585285121 19.548821098
-99.1592533285 19.5489555165
-99.1593801651 19.5489802524
-99.1593485947 19.5490882139
-99.1592071543 19.54916584
-99.1592082889 19.5492023102
-99.1592720322 19.5492137748
-99.1595084917 19.5492303089
-99.1596776744 19.5492194625
-99.1597645926 19.549175288
-99.1599892751 19.549126505
-99.1600749975 19.5491078929
-99.1608999988 19.5492608812
-99.1592819187 19.5518829975
-99.1580920069 19.5536914097
-99.157568972 19.5550473933
-99.157760504 19.5559509143
-99.1580470258 19.5564928773
-99.1580955174 19.5573513373
-99.1561438065 19.5601544517
-99.1542382183 19.5613760546
-99.1533326828 19.5615575573
-99.1528087041 19.561964657
-99.1516164443 19.5613782587
-99.1509006287 19.5605203518
-99.1491859168 19.5620128494
-99.1489955679 19.5623744795
-99.1468048096 19.5646354772
-99.1459955465 19.5659012892
-99.1458927924 19.5674558911
-99.1458904945 19.5674906506
-99.1458073842 19.5687480519
-99.1447604522 19.570827366
-99.1436651907 19.5721837637
-99.1434568459 19.5723470704
-99.1403890436 19.5747516263
-99.1395681302 19.5753950394
-99.1391416688 19.5784678974
-99.1379043836 19.5811347115
-99.134841179 19.5839087847
-99.133759749 19.5848881023
-99.1337608491 19.5862436293
-99.1307103044 19.5871495332
-99.1283626326 19.5880072043
-99.1269926022 19.5885076954
-99.1237060983 19.59275728
-99.1221486481 19.5924764422
-99.1207843567 19.5922304208
-99.119649428 19.592025749
-99.1194622105 19.5919919862
-99.1178878466 19.5905923014
-99.1185975619 19.584461728
-99.1169061453 19.5814445927
-99.1146617227 19.5797963093
-99.112965573 19.5737416778
-99.112855949 19.5732626275
-99.1123923379 19.5712366457
-99.1118180486 19.5687269219
-99.1080972155 19.564888495
-99.1112411425 19.5614977736
